101
102
100
45
103
107
99
104
108
44
106
110
44
103
107
99
104
108
105
109
45
47
49
111
115
113
117
99
114
118
44
121
122
120
41
43
39
95
96
80
121
122
120
129
133
119
81
79
40
130
134
131
135
41
43
39
41
43
39
41
43
39
95
96
80
121
122
120
129
133
119
81
79
40
40
40
130
134
132
136
41
43
39
41
43
39
41
43
39
95
96
80
121
122
120
137
139
119
81
79
40
38
40
38
40
38
138
140
42
41
43
39
141
145
143
147
119
144
148
36
41
43
39
41
43
39
41
43
39
95
96
80
121
122
120
123
126
119
81
79
40
38
40
38
40
38
124
127
43
125
128
119
38
42
155
156
150
157
152
158
154
51
61
55
59
57
53
51
61
55
59
57
53
159
163
151
160
164
58
58
162
166
51
61
55
59
57
53
51
61
55
59
57
53
159
163
151
160
164
58
58
161
165
51
61
55
59
57
53
51
61
55
59
57
53
51
61
55
59
57
53
51
61
55
59
57
53
51
61
55
59
57
53
167
178
151
168
179
52
52
52
52
52
169
180
51
61
55
59
57
53
51
61
55
59
57
53
51
61
55
59
57
53
51
61
55
59
57
53
51
61
55
59
57
53
167
178
151
168
179
52
52
52
52
52
170
181
171
182
172
183
173
184
52
60
52
60
52
60
52
60
52
60
174
185
71
52
60
54
52
60
54
52
60
54
52
60
54
52
60
54
67
52
60
54
52
60
54
52
60
54
52
60
54
52
60
54
69
52
60
54
52
60
54
52
60
54
52
60
54
52
60
54
65
52
60
54
52
60
54
52
60
54
52
60
54
52
60
54
63
175
186
52
60
52
60
52
60
52
60
52
60
177
188
51
61
55
59
57
53
51
61
55
59
57
53
51
61
55
59
57
53
51
61
55
59
57
53
51
61
55
59
57
53
51
61
55
59
57
53
51
61
55
59
57
53
51
61
55
59
57
53
51
61
55
59
57
53
51
61
55
59
57
53
167
178
151
168
179
52
52
52
52
52
52
52
52
52
52
170
181
171
182
172
183
173
184
52
60
52
60
52
60
52
60
52
60
52
60
52
60
52
60
52
60
52
60
174
185
71
52
60
54
52
60
54
52
60
54
52
60
54
52
60
54
52
60
52
60
52
60
52
60
52
60
67
52
60
54
52
60
54
52
60
54
52
60
54
52
60
54
52
60
52
60
52
60
52
60
52
60
69
52
60
54
52
60
54
52
60
54
52
60
54
52
60
54
52
60
52
60
52
60
52
60
52
60
65
52
60
54
52
60
54
52
60
54
52
60
54
52
60
54
52
60
52
60
52
60
52
60
52
60
63
175
186
52
60
52
60
52
60
52
60
52
60
52
60
52
60
52
60
52
60
52
60
176
187
71
52
60
52
60
52
60
52
60
52
60
52
60
54
52
60
54
52
60
54
52
60
54
52
60
54
67
52
60
52
60
52
60
52
60
52
60
52
60
54
52
60
54
52
60
54
52
60
54
52
60
54
69
52
60
52
60
52
60
52
60
52
60
52
60
54
52
60
54
52
60
54
52
60
54
52
60
54
65
52
60
52
60
52
60
52
60
52
60
52
60
54
52
60
54
52
60
54
52
60
54
52
60
54
63
177
188
66
68
64
62
